111111111111111111111111111111111111111111111111111111
1000000001100000000000000011000000110000c0001100000001
1000h00001100000000000000011000c00110000x0001100000001
1000000001100000011000000011000o0011000000001100000001
100000000110000001100000001100000011110011111100000001
111000111111111111110000111111000111000000000000000001
100000000000000000000000000000000011000000000000000001
100000000000000000000000000000000011000111111111110001
100000000000000000000000000000000011000100000000010001
10000000111111111111111111111111111100010000c000010001
10000000110000000000110000000000001100010000o000010001
1000000011000000000011000000m0000011000100000000010001
1000000011000x0000001100000000000011000111001100010001
100000001100000000001100011111111111000000001100000001
100000001100000110001100000000000000000000001100000001
100000001100000110001100000000000000000000001100000001
100000001100000110001100000000000000000000001100000001
100000001100000110000000000000000011000000001100000001
100000001100000110000000000000000011000000001100000001
100000000000000110000000000000000011000000001100000001
100000000000000110000000000000000011000000001100000001
100111111111111111111111111111111111000000001100000001
100000000000000000000000000000000000000000001100000001
100000000000000000000000000000000000000000001100000001
100000000000000000000000000000000000000000001100000001
100000000000000000000000000000000000000000000000000001
111111111111111111111111110000000000000000000000000001
100000000000000000000001111111111110000001111111110001
100000000000000000000001100000000000000000000000000001
100000000111111111100001100000000000000000000000000001
100000000110000000110001100000000000000000000000000001
10000000011000c000011001100000000000000000000000000001
100000000110000o00011001100000000000111111111110000001
100000000111110000110001100001100000000001100000000001
100000000000000011100001100001100000000001100000000001
100000000000001111000001110011100000000001100000000001
10000000111111111000000110000110000000h001100000000001
100000001111111110000001100001100000000001100000000001
100000000000000000000001100001100000000001100000000001
100000000000000000000001100001100000000001100000000001
100111111111111111100001110011100000000001100000000001
100110000000000001100001100001100000111111100000000001
1001100c0000000001100001100001100000110001100000000001
1001100000D0000001100001100001100000110001100000000001
100110000000000001100001100001100000000001100000000001
10011111111100000110000110000110000000000110000m000001
100000000000000001100000000001100000110001100000000001
100000000000000001100000000001100000110001100000000001
111111111111111111111111111111111111111111111111111111